13

-26.036205291748047 30.705657958984375 -16.036203384399414 30.705657958984375 -16.036203384399414 40.705657958984375 -26.036205291748047 40.705657958984375 
-1 1 -1 -1

-16.036203384399414 40.705657958984375 -16.036203384399414 30.705657958984375 -11.461830139160156 25.520767211914062 2.8028461933135986 25.45901870727539 
0 -1 9 -1

2.8028461933135986 -2.0407066345214844 -11.461830139160156 -1.9789609909057617 -11.461830139160156 -25.9445858001709 2.8028461933135986 -26.006332397460938 
10 -1 3 -1

2.8028461933135986 -26.006332397460938 -11.461830139160156 -25.9445858001709 -1.5272881984710693 -44.108741760253906 6.56295108795166 -32.36000442504883 
2 -1 4 -1

6.56295108795166 -32.36000442504883 -1.5272881984710693 -44.108741760253906 13.224985122680664 -47.244266510009766 13.236167907714844 -32.97945785522461 
3 -1 11 -1

17.491456985473633 11.101731300354004 17.491456985473633 -2.0407066345214844 39.24827194213867 -6.237455368041992 39.24827194213867 15.298477172851562 
12 -1 6 -1

39.24827194213867 15.298477172851562 39.24827194213867 -6.237455368041992 59.45891189575195 -6.237455368041992 59.45891189575195 15.298477172851562 
5 -1 -1 -1

-11.461830139160156 -1.9789609909057617 -11.461830139160156 11.16347885131836 -36.200538635253906 11.16347885131836 -36.200538635253906 -1.9789609909057617 
10 -1 8 -1

-36.200538635253906 -1.9789609909057617 -36.200538635253906 11.16347885131836 -50.116058349609375 11.16347885131836 -50.116058349609375 -1.9789609909057617 
7 -1 -1 -1

2.8028461933135986 25.45901870727539 -11.461830139160156 25.520767211914062 -11.461830139160156 11.16347885131836 2.8028461933135986 11.101731300354004 
1 -1 10 -1

2.8028461933135986 11.101731300354004 -11.461830139160156 11.16347885131836 -11.461830139160156 -1.9789609909057617 2.8028461933135986 -2.0407066345214844 
9 7 2 12

13.236167907714844 -32.97945785522461 13.224985122680664 -47.244266510009766 28.90755844116211 -47.575592041015625 28.918743133544922 -33.3107795715332 
4 -1 -1 -1

2.8028461933135986 11.101731300354004 2.8028461933135986 -2.0407066345214844 17.491456985473633 -2.0407066345214844 17.491456985473633 11.101731300354004 
10 -1 5 -1

